The possible turning rates (T) in the network are as follows,

tetha = [T1,4  T1,13  T2,5  T2,6  T2,15  ...  T147,134  T147,146  T148,142  T148,143]

where their values at different times are as follows.

for t<=24 :
[0.5, 0.5, 0.2, 0.3, 0.5, 0.2, 0.2, 0.6, 0.2, 0.2, 0.6, 0.4, 0.6, 0.7, 0.3, 0.2, 0.2, 0.6, 0.2, 0.3, 0.5, 0.7, 0.3, 0.2, 0.25, 0.55, 0.1, 0.3, 0.6, 0.2, 0.8, 0.4, 0.6, 0.1, 0.1, 0.8, 0.2, 0.25, 0.55, 0.5, 0.5, 0.45, 0.55, 0.15, 0.2, 0.65, 0.35, 0.65, 0.6, 0.25, 0.15, 0.65, 0.35, 0.45, 0.55, 0.5, 0.3, 0.2, 0.5, 0.5, 0.3, 0.7, 0.2, 0.5, 0.3, 0.55, 0.45, 0.35, 0.65, 0.4, 0.3, 0.3, 0.75, 0.25, 0.35, 0.65, 0.7, 0.15, 0.15, 0.3, 0.7, 0.55, 0.3, 0.15, 0.2, 0.8, 0.45, 0.1, 0.45, 0.25, 0.75, 0.35, 0.65, 0.15, 0.85, 0.25, 0.5, 0.25, 0.25, 0.75, 0.65, 0.35, 0.1, 0.6, 0.3, 0.75, 0.25, 0.65, 0.35, 0.65, 0.35, 0.15, 0.3, 0.55, 0.75, 0.25, 0.5, 0.5, 0.65, 0.35, 0.2, 0.8, 0.35, 0.65, 0.7, 0.3, 0.2, 0.8, 0.2, 0.8, 0.8, 0.2, 1.0, 0.5, 0.5, 0.85, 0.15, 1.0, 0.65, 0.25, 0.1, 0.35, 0.65, 0.3, 0.4, 0.3, 0.4, 0.6, 0.35, 0.65, 0.55, 0.45, 0.75, 0.25, 0.5, 0.5, 1.0, 0.3, 0.3, 0.4, 0.3, 0.7, 0.7, 0.3, 0.75, 0.25, 0.2, 0.8, 0.35, 0.65, 0.85, 0.15, 0.2, 0.3, 0.5, 0.5, 0.5, 0.35, 0.65, 0.6, 0.4, 0.7, 0.3, 0.35, 0.1, 0.55, 0.7, 0.3, 0.3, 0.4, 0.3, 1.0, 1.0, 0.75, 0.25, 0.15, 0.85, 1.0, 0.2, 0.8, 0.35, 0.65, 0.5, 0.5, 0.3, 0.1, 0.6, 0.1, 0.9, 0.5, 0.5, 0.3, 0.4, 0.3, 0.5, 0.5, 0.1, 0.6, 0.3, 1.0, 0.25, 0.75, 0.8, 0.2, 0.1, 0.9, 0.2, 0.8, 0.1, 0.9, 0.25, 0.75, 0.8, 0.2, 1.0, 0.15, 0.6, 0.25, 0.55, 0.45, 0.1, 0.6, 0.3, 0.5, 0.5, 0.8, 0.2, 1.0, 0.8, 0.2, 0.25, 0.75, 0.15, 0.85, 0.5, 0.5, 0.2, 0.8, 1.0, 0.2, 0.8, 0.4, 0.6, 0.3, 0.3, 0.4, 0.3, 0.7, 0.15, 0.4, 0.45, 1.0, 0.4, 0.6, 0.8, 0.2, 0.4, 0.6, 0.2, 0.2, 0.6, 0.65, 0.35, 0.6, 0.4, 0.8, 0.2, 0.1, 0.9, 0.7, 0.3, 0.25, 0.75, 0.4, 0.6, 0.55, 0.45, 0.25, 0.75, 0.3, 0.7, 0.25, 0.75, 0.3, 0.7, 0.3, 0.7, 0.4, 0.6, 0.25, 0.75, 0.4, 0.6, 0.35, 0.65, 0.5, 0.5, 0.5, 0.5]

for t>24 :
[0.4, 0.6, 0.3, 0.3, 0.4, 0.15, 0.15, 0.7, 0.25, 0.3, 0.45, 0.45, 0.55, 0.65, 0.35, 0.2, 0.3, 0.5, 0.25, 0.3, 0.45, 0.75, 0.25, 0.1, 0.4, 0.5, 0.3, 0.2, 0.5, 0.3, 0.7, 0.3, 0.7, 0.15, 0.15, 0.7, 0.3, 0.25, 0.45, 0.6, 0.4, 0.5, 0.5, 0.15, 0.25, 0.6, 0.45, 0.55, 0.45, 0.35, 0.2, 0.6, 0.4, 0.5, 0.5, 0.3, 0.3, 0.4, 0.45, 0.55, 0.45, 0.55, 0.25, 0.45, 0.3, 0.5, 0.5, 0.3, 0.7, 0.3, 0.25, 0.45, 0.7, 0.3, 0.3, 0.7, 0.65, 0.2, 0.15, 0.45, 0.55, 0.55, 0.3, 0.15, 0.25, 0.75, 0.3, 0.2, 0.5, 0.15, 0.85, 0.25, 0.75, 0.4, 0.6, 0.3, 0.3, 0.4, 0.4, 0.6, 0.55, 0.45, 0.3, 0.35, 0.35, 0.65, 0.35, 0.45, 0.55, 0.6, 0.4, 0.2, 0.3, 0.5, 0.7, 0.3, 0.45, 0.55, 0.75, 0.25, 0.15, 0.85, 0.25, 0.75, 0.65, 0.35, 0.4, 0.6, 0.3, 0.7, 0.9, 0.1, 1.0, 0.6, 0.4, 0.75, 0.25, 1.0, 0.7, 0.2, 0.1, 0.25, 0.75, 0.4, 0.3, 0.3, 0.45, 0.55, 0.45, 0.55, 0.6, 0.4, 0.55, 0.45, 0.45, 0.55, 1.0, 0.4, 0.2, 0.4, 0.4, 0.6, 0.75, 0.25, 0.7, 0.3, 0.25, 0.75, 0.25, 0.75, 0.7, 0.3, 0.25, 0.3, 0.45, 0.6, 0.4, 0.45, 0.55, 0.55, 0.45, 0.6, 0.4, 0.4, 0.1, 0.5, 0.6, 0.4, 0.35, 0.4, 0.25, 1.0, 1.0, 0.8, 0.2, 0.2, 0.8, 1.0, 0.3, 0.7, 0.35, 0.65, 0.45, 0.55, 0.35, 0.1, 0.55, 0.25, 0.75, 0.6, 0.4, 0.25, 0.45, 0.3, 0.55, 0.45, 0.1, 0.4, 0.5, 1.0, 0.3, 0.7, 0.7, 0.3, 0.1, 0.9, 0.3, 0.7, 0.25, 0.75, 0.15, 0.85, 0.85, 0.15, 1.0, 0.2, 0.5, 0.3, 0.55, 0.45, 0.1, 0.45, 0.45, 0.45, 0.55, 0.75, 0.25, 1.0, 0.85, 0.15, 0.3, 0.7, 0.1, 0.9, 0.3, 0.7, 0.2, 0.8, 1.0, 0.3, 0.7, 0.35, 0.65, 0.2, 0.35, 0.45, 0.45, 0.55, 0.2, 0.4, 0.4, 1.0, 0.6, 0.4, 0.75, 0.25, 0.5, 0.5, 0.15, 0.15, 0.7, 0.85, 0.15, 0.45, 0.55, 0.75, 0.25, 0.1, 0.9, 0.55, 0.45, 0.15, 0.85, 0.45, 0.55, 0.5, 0.5, 0.15, 0.85, 0.25, 0.75, 0.4, 0.6, 0.35, 0.65, 0.45, 0.55, 0.3, 0.7, 0.35, 0.65, 0.3, 0.7, 0.4, 0.6, 0.45, 0.55, 0.5, 0.5]

